Problem 4
A, m, coins, time
2000, 40, [0 0 0 0 40 ],  0
2005, 41, [0 1 0 0 40 ],  0
2010, 41, [0 0 1 0 40 ],  0
2015, 42, [0 1 1 0 40 ],  0
2020, 42, [0 0 2 0 40 ],  0
2025, 41, [0 0 0 1 40 ],  0
2030, 42, [0 1 0 1 40 ],  0
2035, 42, [0 0 1 1 40 ],  0
2040, 43, [0 1 1 1 40 ],  0
2045, 43, [0 0 2 1 40 ],  0
2050, 41, [0 0 0 0 41 ],  0
2055, 42, [0 1 0 0 41 ],  0
2060, 42, [0 0 1 0 41 ],  0
2065, 43, [0 1 1 0 41 ],  0
2070, 43, [0 0 2 0 41 ],  0
2075, 42, [0 0 0 1 41 ],  0
2080, 43, [0 1 0 1 41 ],  0
2085, 43, [0 0 1 1 41 ],  0
2090, 44, [0 1 1 1 41 ],  0
2095, 44, [0 0 2 1 41 ],  0
2100, 42, [0 0 0 0 42 ],  0
2105, 43, [0 1 0 0 42 ],  0
2110, 43, [0 0 1 0 42 ],  0
2115, 44, [0 1 1 0 42 ],  0
2120, 44, [0 0 2 0 42 ],  0
2125, 43, [0 0 0 1 42 ],  0
2130, 44, [0 1 0 1 42 ],  0
2135, 44, [0 0 1 1 42 ],  0
2140, 45, [0 1 1 1 42 ],  0
2145, 45, [0 0 2 1 42 ],  0
2150, 43, [0 0 0 0 43 ],  0
2155, 44, [0 1 0 0 43 ],  0
2160, 44, [0 0 1 0 43 ],  0
2165, 45, [0 1 1 0 43 ],  0
2170, 45, [0 0 2 0 43 ],  0
2175, 44, [0 0 0 1 43 ],  0
2180, 45, [0 1 0 1 43 ],  0
2185, 45, [0 0 1 1 43 ],  0
2190, 46, [0 1 1 1 43 ],  0
2195, 46, [0 0 2 1 43 ],  0
2200, 44, [0 0 0 0 44 ],  0


Problem 5-a
A, m, coins, time
2000, 36, [0 1 1 1 0 0 33 ],  0
2001, 37, [1 1 1 1 0 0 33 ],  0
2002, 37, [0 2 1 1 0 0 33 ],  0
2003, 38, [1 2 1 1 0 0 33 ],  1
2004, 34, [0 0 0 0 1 0 33 ],  1
2005, 35, [1 0 0 0 1 0 33 ],  1
2006, 35, [0 1 0 0 1 0 33 ],  1
2007, 36, [1 1 0 0 1 0 33 ],  1
2008, 36, [0 2 0 0 1 0 33 ],  1
2009, 37, [1 2 0 0 1 0 33 ],  1
2010, 35, [0 0 1 0 1 0 33 ],  1
2011, 36, [1 0 1 0 1 0 33 ],  1
2012, 36, [0 1 1 0 1 0 33 ],  1
2013, 37, [1 1 1 0 1 0 33 ],  1
2014, 37, [0 2 1 0 1 0 33 ],  1
2015, 38, [1 2 1 0 1 0 33 ],  1
2016, 34, [0 0 0 0 0 2 32 ],  1
2017, 35, [1 0 0 0 0 2 32 ],  1
2018, 35, [0 1 0 0 0 2 32 ],  1
2019, 36, [1 1 0 0 0 2 32 ],  1
2020, 36, [0 2 0 0 0 2 32 ],  1
2021, 37, [1 2 0 0 0 2 32 ],  1
2022, 35, [0 0 1 0 0 2 32 ],  1
2023, 36, [1 0 1 0 0 2 32 ],  1
2024, 36, [0 1 1 0 0 2 32 ],  1
2025, 37, [1 1 1 0 0 2 32 ],  1
2026, 37, [0 2 1 0 0 2 32 ],  1
2027, 38, [1 2 1 0 0 2 32 ],  1
2028, 34, [0 0 0 0 0 1 33 ],  1
2029, 35, [1 0 0 0 0 1 33 ],  1
2030, 35, [0 1 0 0 0 1 33 ],  1
2031, 36, [1 1 0 0 0 1 33 ],  1
2032, 36, [0 2 0 0 0 1 33 ],  1
2033, 37, [1 2 0 0 0 1 33 ],  1
2034, 35, [0 0 1 0 0 1 33 ],  1
2035, 36, [1 0 1 0 0 1 33 ],  1
2036, 36, [0 1 1 0 0 1 33 ],  1
2037, 37, [1 1 1 0 0 1 33 ],  1
2038, 37, [0 2 1 0 0 1 33 ],  2
2039, 38, [1 2 1 0 0 1 33 ],  2
2040, 34, [0 0 0 0 0 0 34 ],  2
2041, 35, [1 0 0 0 0 0 34 ],  2
2042, 35, [0 1 0 0 0 0 34 ],  2
2043, 36, [1 1 0 0 0 0 34 ],  2
2044, 36, [0 2 0 0 0 0 34 ],  2
2045, 37, [1 2 0 0 0 0 34 ],  2
2046, 35, [0 0 1 0 0 0 34 ],  2
2047, 36, [1 0 1 0 0 0 34 ],  2
2048, 36, [0 1 1 0 0 0 34 ],  2
2049, 37, [1 1 1 0 0 0 34 ],  2
2050, 37, [0 2 1 0 0 0 34 ],  2
2051, 38, [1 2 1 0 0 0 34 ],  2
2052, 35, [0 0 0 1 0 0 34 ],  2
2053, 36, [1 0 0 1 0 0 34 ],  2
2054, 36, [0 1 0 1 0 0 34 ],  2
2055, 37, [1 1 0 1 0 0 34 ],  2
2056, 37, [0 2 0 1 0 0 34 ],  2
2057, 38, [1 2 0 1 0 0 34 ],  2
2058, 36, [0 0 1 1 0 0 34 ],  2
2059, 37, [1 0 1 1 0 0 34 ],  2
2060, 37, [0 1 1 1 0 0 34 ],  2
2061, 38, [1 1 1 1 0 0 34 ],  2
2062, 38, [0 2 1 1 0 0 34 ],  2
2063, 39, [1 2 1 1 0 0 34 ],  2
2064, 35, [0 0 0 0 1 0 34 ],  2
2065, 36, [1 0 0 0 1 0 34 ],  2
2066, 36, [0 1 0 0 1 0 34 ],  2
2067, 37, [1 1 0 0 1 0 34 ],  2
2068, 37, [0 2 0 0 1 0 34 ],  2
2069, 38, [1 2 0 0 1 0 34 ],  2
2070, 36, [0 0 1 0 1 0 34 ],  2
2071, 37, [1 0 1 0 1 0 34 ],  2
2072, 37, [0 1 1 0 1 0 34 ],  3
2073, 38, [1 1 1 0 1 0 34 ],  3
2074, 38, [0 2 1 0 1 0 34 ],  3
2075, 39, [1 2 1 0 1 0 34 ],  3
2076, 35, [0 0 0 0 0 2 33 ],  3
2077, 36, [1 0 0 0 0 2 33 ],  3
2078, 36, [0 1 0 0 0 2 33 ],  3
2079, 37, [1 1 0 0 0 2 33 ],  3
2080, 37, [0 2 0 0 0 2 33 ],  3
2081, 38, [1 2 0 0 0 2 33 ],  3
2082, 36, [0 0 1 0 0 2 33 ],  3
2083, 37, [1 0 1 0 0 2 33 ],  3
2084, 37, [0 1 1 0 0 2 33 ],  3
2085, 38, [1 1 1 0 0 2 33 ],  3
2086, 38, [0 2 1 0 0 2 33 ],  3
2087, 39, [1 2 1 0 0 2 33 ],  3
2088, 35, [0 0 0 0 0 1 34 ],  3
2089, 36, [1 0 0 0 0 1 34 ],  3
2090, 36, [0 1 0 0 0 1 34 ],  3
2091, 37, [1 1 0 0 0 1 34 ],  3
2092, 37, [0 2 0 0 0 1 34 ],  3
2093, 38, [1 2 0 0 0 1 34 ],  3
2094, 36, [0 0 1 0 0 1 34 ],  3
2095, 37, [1 0 1 0 0 1 34 ],  3
2096, 37, [0 1 1 0 0 1 34 ],  3
2097, 38, [1 1 1 0 0 1 34 ],  3
2098, 38, [0 2 1 0 0 1 34 ],  3
2099, 39, [1 2 1 0 0 1 34 ],  3
2100, 35, [0 0 0 0 0 0 35 ],  3
2101, 36, [1 0 0 0 0 0 35 ],  3
2102, 36, [0 1 0 0 0 0 35 ],  3
2103, 37, [1 1 0 0 0 0 35 ],  3
2104, 37, [0 2 0 0 0 0 35 ],  3
2105, 38, [1 2 0 0 0 0 35 ],  3
2106, 36, [0 0 1 0 0 0 35 ],  3
2107, 37, [1 0 1 0 0 0 35 ],  3
2108, 37, [0 1 1 0 0 0 35 ],  3
2109, 38, [1 1 1 0 0 0 35 ],  3
2110, 38, [0 2 1 0 0 0 35 ],  3
2111, 39, [1 2 1 0 0 0 35 ],  3
2112, 36, [0 0 0 1 0 0 35 ],  3
2113, 37, [1 0 0 1 0 0 35 ],  3
2114, 37, [0 1 0 1 0 0 35 ],  3
2115, 38, [1 1 0 1 0 0 35 ],  3
2116, 38, [0 2 0 1 0 0 35 ],  3
2117, 39, [1 2 0 1 0 0 35 ],  3
2118, 37, [0 0 1 1 0 0 35 ],  3
2119, 38, [1 0 1 1 0 0 35 ],  3
2120, 38, [0 1 1 1 0 0 35 ],  3
2121, 39, [1 1 1 1 0 0 35 ],  3
2122, 39, [0 2 1 1 0 0 35 ],  3
2123, 40, [1 2 1 1 0 0 35 ],  3
2124, 36, [0 0 0 0 1 0 35 ],  3
2125, 37, [1 0 0 0 1 0 35 ],  4
2126, 37, [0 1 0 0 1 0 35 ],  4
2127, 38, [1 1 0 0 1 0 35 ],  4
2128, 38, [0 2 0 0 1 0 35 ],  4
2129, 39, [1 2 0 0 1 0 35 ],  4
2130, 37, [0 0 1 0 1 0 35 ],  4
2131, 38, [1 0 1 0 1 0 35 ],  4
2132, 38, [0 1 1 0 1 0 35 ],  4
2133, 39, [1 1 1 0 1 0 35 ],  4
2134, 39, [0 2 1 0 1 0 35 ],  4
2135, 40, [1 2 1 0 1 0 35 ],  4
2136, 36, [0 0 0 0 0 2 34 ],  4
2137, 37, [1 0 0 0 0 2 34 ],  4
2138, 37, [0 1 0 0 0 2 34 ],  4
2139, 38, [1 1 0 0 0 2 34 ],  4
2140, 38, [0 2 0 0 0 2 34 ],  4
2141, 39, [1 2 0 0 0 2 34 ],  4
2142, 37, [0 0 1 0 0 2 34 ],  4
2143, 38, [1 0 1 0 0 2 34 ],  4
2144, 38, [0 1 1 0 0 2 34 ],  4
2145, 39, [1 1 1 0 0 2 34 ],  4
2146, 39, [0 2 1 0 0 2 34 ],  4
2147, 40, [1 2 1 0 0 2 34 ],  4
2148, 36, [0 0 0 0 0 1 35 ],  4
2149, 37, [1 0 0 0 0 1 35 ],  4
2150, 37, [0 1 0 0 0 1 35 ],  4
2151, 38, [1 1 0 0 0 1 35 ],  4
2152, 38, [0 2 0 0 0 1 35 ],  4
2153, 39, [1 2 0 0 0 1 35 ],  4
2154, 37, [0 0 1 0 0 1 35 ],  4
2155, 38, [1 0 1 0 0 1 35 ],  4
2156, 38, [0 1 1 0 0 1 35 ],  4
2157, 39, [1 1 1 0 0 1 35 ],  4
2158, 39, [0 2 1 0 0 1 35 ],  4
2159, 40, [1 2 1 0 0 1 35 ],  4
2160, 36, [0 0 0 0 0 0 36 ],  4
2161, 37, [1 0 0 0 0 0 36 ],  4
2162, 37, [0 1 0 0 0 0 36 ],  4
2163, 38, [1 1 0 0 0 0 36 ],  4
2164, 38, [0 2 0 0 0 0 36 ],  4
2165, 39, [1 2 0 0 0 0 36 ],  4
2166, 37, [0 0 1 0 0 0 36 ],  4
2167, 38, [1 0 1 0 0 0 36 ],  4
2168, 38, [0 1 1 0 0 0 36 ],  4
2169, 39, [1 1 1 0 0 0 36 ],  4
2170, 39, [0 2 1 0 0 0 36 ],  4
2171, 40, [1 2 1 0 0 0 36 ],  4
2172, 37, [0 0 0 1 0 0 36 ],  4
2173, 38, [1 0 0 1 0 0 36 ],  4
2174, 38, [0 1 0 1 0 0 36 ],  4
2175, 39, [1 1 0 1 0 0 36 ],  4
2176, 39, [0 2 0 1 0 0 36 ],  4
2177, 40, [1 2 0 1 0 0 36 ],  4
2178, 38, [0 0 1 1 0 0 36 ],  4
2179, 39, [1 0 1 1 0 0 36 ],  4
2180, 39, [0 1 1 1 0 0 36 ],  4
2181, 40, [1 1 1 1 0 0 36 ],  4
2182, 40, [0 2 1 1 0 0 36 ],  4
2183, 41, [1 2 1 1 0 0 36 ],  4
2184, 37, [0 0 0 0 1 0 36 ],  4
2185, 38, [1 0 0 0 1 0 36 ],  4
2186, 38, [0 1 0 0 1 0 36 ],  4
2187, 39, [1 1 0 0 1 0 36 ],  4
2188, 39, [0 2 0 0 1 0 36 ],  4
2189, 40, [1 2 0 0 1 0 36 ],  4
2190, 38, [0 0 1 0 1 0 36 ],  4
2191, 39, [1 0 1 0 1 0 36 ],  4
2192, 39, [0 1 1 0 1 0 36 ],  4
2193, 40, [1 1 1 0 1 0 36 ],  4
2194, 40, [0 2 1 0 1 0 36 ],  5
2195, 41, [1 2 1 0 1 0 36 ],  5
2196, 37, [0 0 0 0 0 2 35 ],  5
2197, 38, [1 0 0 0 0 2 35 ],  5
2198, 38, [0 1 0 0 0 2 35 ],  5
2199, 39, [1 1 0 0 0 2 35 ],  5
2200, 39, [0 2 0 0 0 2 35 ],  5

Problem 5-b
A, m, coins, time
2000, 85, [0 1 1 0 83 ],  5
2001, 86, [1 1 1 0 83 ],  5
2002, 86, [0 2 1 0 83 ],  5
2003, 87, [1 2 1 0 83 ],  5
2004, 84, [0 0 0 1 83 ],  5
2005, 85, [1 0 0 1 83 ],  5
2006, 85, [0 1 0 1 83 ],  5
2007, 86, [1 1 0 1 83 ],  5
2008, 86, [0 2 0 1 83 ],  5
2009, 87, [1 2 0 1 83 ],  5
2010, 85, [0 0 1 1 83 ],  5
2011, 86, [1 0 1 1 83 ],  5
2012, 86, [0 1 1 1 83 ],  5
2013, 87, [1 1 1 1 83 ],  5
2014, 87, [0 2 1 1 83 ],  5
2015, 88, [1 2 1 1 83 ],  5
2016, 84, [0 0 0 0 84 ],  5
2017, 85, [1 0 0 0 84 ],  5
2018, 85, [0 1 0 0 84 ],  5
2019, 86, [1 1 0 0 84 ],  5
2020, 86, [0 2 0 0 84 ],  5
2021, 87, [1 2 0 0 84 ],  5
2022, 85, [0 0 1 0 84 ],  5
2023, 86, [1 0 1 0 84 ],  5
2024, 86, [0 1 1 0 84 ],  5
2025, 87, [1 1 1 0 84 ],  5
2026, 87, [0 2 1 0 84 ],  5
2027, 88, [1 2 1 0 84 ],  5
2028, 85, [0 0 0 1 84 ],  5
2029, 86, [1 0 0 1 84 ],  5
2030, 86, [0 1 0 1 84 ],  5
2031, 87, [1 1 0 1 84 ],  5
2032, 87, [0 2 0 1 84 ],  5
2033, 88, [1 2 0 1 84 ],  5
2034, 86, [0 0 1 1 84 ],  5
2035, 87, [1 0 1 1 84 ],  5
2036, 87, [0 1 1 1 84 ],  5
2037, 88, [1 1 1 1 84 ],  5
2038, 88, [0 2 1 1 84 ],  5
2039, 89, [1 2 1 1 84 ],  5
2040, 85, [0 0 0 0 85 ],  5
2041, 86, [1 0 0 0 85 ],  5
2042, 86, [0 1 0 0 85 ],  5
2043, 87, [1 1 0 0 85 ],  5
2044, 87, [0 2 0 0 85 ],  5
2045, 88, [1 2 0 0 85 ],  5
2046, 86, [0 0 1 0 85 ],  5
2047, 87, [1 0 1 0 85 ],  5
2048, 87, [0 1 1 0 85 ],  5
2049, 88, [1 1 1 0 85 ],  5
2050, 88, [0 2 1 0 85 ],  5
2051, 89, [1 2 1 0 85 ],  5
2052, 86, [0 0 0 1 85 ],  5
2053, 87, [1 0 0 1 85 ],  5
2054, 87, [0 1 0 1 85 ],  5
2055, 88, [1 1 0 1 85 ],  5
2056, 88, [0 2 0 1 85 ],  5
2057, 89, [1 2 0 1 85 ],  5
2058, 87, [0 0 1 1 85 ],  5
2059, 88, [1 0 1 1 85 ],  5
2060, 88, [0 1 1 1 85 ],  5
2061, 89, [1 1 1 1 85 ],  5
2062, 89, [0 2 1 1 85 ],  5
2063, 90, [1 2 1 1 85 ],  5
2064, 86, [0 0 0 0 86 ],  5
2065, 87, [1 0 0 0 86 ],  5
2066, 87, [0 1 0 0 86 ],  5
2067, 88, [1 1 0 0 86 ],  5
2068, 88, [0 2 0 0 86 ],  5
2069, 89, [1 2 0 0 86 ],  5
2070, 87, [0 0 1 0 86 ],  5
2071, 88, [1 0 1 0 86 ],  5
2072, 88, [0 1 1 0 86 ],  5
2073, 89, [1 1 1 0 86 ],  5
2074, 89, [0 2 1 0 86 ],  5
2075, 90, [1 2 1 0 86 ],  5
2076, 87, [0 0 0 1 86 ],  5
2077, 88, [1 0 0 1 86 ],  5
2078, 88, [0 1 0 1 86 ],  5
2079, 89, [1 1 0 1 86 ],  6
2080, 89, [0 2 0 1 86 ],  6
2081, 90, [1 2 0 1 86 ],  6
2082, 88, [0 0 1 1 86 ],  6
2083, 89, [1 0 1 1 86 ],  6
2084, 89, [0 1 1 1 86 ],  6
2085, 90, [1 1 1 1 86 ],  6
2086, 90, [0 2 1 1 86 ],  6
2087, 91, [1 2 1 1 86 ],  6
2088, 87, [0 0 0 0 87 ],  6
2089, 88, [1 0 0 0 87 ],  6
2090, 88, [0 1 0 0 87 ],  6
2091, 89, [1 1 0 0 87 ],  6
2092, 89, [0 2 0 0 87 ],  6
2093, 90, [1 2 0 0 87 ],  6
2094, 88, [0 0 1 0 87 ],  6
2095, 89, [1 0 1 0 87 ],  6
2096, 89, [0 1 1 0 87 ],  6
2097, 90, [1 1 1 0 87 ],  6
2098, 90, [0 2 1 0 87 ],  6
2099, 91, [1 2 1 0 87 ],  6
2100, 88, [0 0 0 1 87 ],  6
2101, 89, [1 0 0 1 87 ],  6
2102, 89, [0 1 0 1 87 ],  6
2103, 90, [1 1 0 1 87 ],  6
2104, 90, [0 2 0 1 87 ],  6
2105, 91, [1 2 0 1 87 ],  6
2106, 89, [0 0 1 1 87 ],  6
2107, 90, [1 0 1 1 87 ],  6
2108, 90, [0 1 1 1 87 ],  6
2109, 91, [1 1 1 1 87 ],  6
2110, 91, [0 2 1 1 87 ],  6
2111, 92, [1 2 1 1 87 ],  6
2112, 88, [0 0 0 0 88 ],  6
2113, 89, [1 0 0 0 88 ],  6
2114, 89, [0 1 0 0 88 ],  6
2115, 90, [1 1 0 0 88 ],  6
2116, 90, [0 2 0 0 88 ],  6
2117, 91, [1 2 0 0 88 ],  6
2118, 89, [0 0 1 0 88 ],  6
2119, 90, [1 0 1 0 88 ],  6
2120, 90, [0 1 1 0 88 ],  6
2121, 91, [1 1 1 0 88 ],  6
2122, 91, [0 2 1 0 88 ],  6
2123, 92, [1 2 1 0 88 ],  7
2124, 89, [0 0 0 1 88 ],  7
2125, 90, [1 0 0 1 88 ],  7
2126, 90, [0 1 0 1 88 ],  7
2127, 91, [1 1 0 1 88 ],  7
2128, 91, [0 2 0 1 88 ],  7
2129, 92, [1 2 0 1 88 ],  7
2130, 90, [0 0 1 1 88 ],  7
2131, 91, [1 0 1 1 88 ],  7
2132, 91, [0 1 1 1 88 ],  7
2133, 92, [1 1 1 1 88 ],  7
2134, 92, [0 2 1 1 88 ],  7
2135, 93, [1 2 1 1 88 ],  7
2136, 89, [0 0 0 0 89 ],  7
2137, 90, [1 0 0 0 89 ],  7
2138, 90, [0 1 0 0 89 ],  7
2139, 91, [1 1 0 0 89 ],  7
2140, 91, [0 2 0 0 89 ],  7
2141, 92, [1 2 0 0 89 ],  7
2142, 90, [0 0 1 0 89 ],  7
2143, 91, [1 0 1 0 89 ],  7
2144, 91, [0 1 1 0 89 ],  7
2145, 92, [1 1 1 0 89 ],  7
2146, 92, [0 2 1 0 89 ],  7
2147, 93, [1 2 1 0 89 ],  7
2148, 90, [0 0 0 1 89 ],  7
2149, 91, [1 0 0 1 89 ],  7
2150, 91, [0 1 0 1 89 ],  7
2151, 92, [1 1 0 1 89 ],  7
2152, 92, [0 2 0 1 89 ],  7
2153, 93, [1 2 0 1 89 ],  7
2154, 91, [0 0 1 1 89 ],  7
2155, 92, [1 0 1 1 89 ],  7
2156, 92, [0 1 1 1 89 ],  7
2157, 93, [1 1 1 1 89 ],  7
2158, 93, [0 2 1 1 89 ],  7
2159, 94, [1 2 1 1 89 ],  7
2160, 90, [0 0 0 0 90 ],  7
2161, 91, [1 0 0 0 90 ],  7
2162, 91, [0 1 0 0 90 ],  7
2163, 92, [1 1 0 0 90 ],  7
2164, 92, [0 2 0 0 90 ],  7
2165, 93, [1 2 0 0 90 ],  7
2166, 91, [0 0 1 0 90 ],  7
2167, 92, [1 0 1 0 90 ],  8
2168, 92, [0 1 1 0 90 ],  8
2169, 93, [1 1 1 0 90 ],  8
2170, 93, [0 2 1 0 90 ],  8
2171, 94, [1 2 1 0 90 ],  8
2172, 91, [0 0 0 1 90 ],  8
2173, 92, [1 0 0 1 90 ],  8
2174, 92, [0 1 0 1 90 ],  8
2175, 93, [1 1 0 1 90 ],  8
2176, 93, [0 2 0 1 90 ],  8
2177, 94, [1 2 0 1 90 ],  8
2178, 92, [0 0 1 1 90 ],  8
2179, 93, [1 0 1 1 90 ],  8
2180, 93, [0 1 1 1 90 ],  8
2181, 94, [1 1 1 1 90 ],  8
2182, 94, [0 2 1 1 90 ],  8
2183, 95, [1 2 1 1 90 ],  8
2184, 91, [0 0 0 0 91 ],  8
2185, 92, [1 0 0 0 91 ],  8
2186, 92, [0 1 0 0 91 ],  8
2187, 93, [1 1 0 0 91 ],  8
2188, 93, [0 2 0 0 91 ],  8
2189, 94, [1 2 0 0 91 ],  8
2190, 92, [0 0 1 0 91 ],  8
2191, 93, [1 0 1 0 91 ],  8
2192, 93, [0 1 1 0 91 ],  8
2193, 94, [1 1 1 0 91 ],  8
2194, 94, [0 2 1 0 91 ],  8
2195, 95, [1 2 1 0 91 ],  8
2196, 92, [0 0 0 1 91 ],  8
2197, 93, [1 0 0 1 91 ],  8
2198, 93, [0 1 0 1 91 ],  8
2199, 94, [1 1 0 1 91 ],  8
2200, 94, [0 2 0 1 91 ],  8


Problem 6
A, m, coins, time
2000, 67, [0 0 0 0 0 0 0 0 0 0 1 0 0 0 0 66 ],  8
2001, 68, [1 0 0 0 0 0 0 0 0 0 1 0 0 0 0 66 ],  8
2002, 67, [0 0 0 0 0 0 0 0 0 0 0 1 0 0 0 66 ],  8
2003, 68, [1 0 0 0 0 0 0 0 0 0 0 1 0 0 0 66 ],  8
2004, 67, [0 0 0 0 0 0 0 0 0 0 0 0 1 0 0 66 ],  8
2005, 68, [1 0 0 0 0 0 0 0 0 0 0 0 1 0 0 66 ],  8
2006, 67, [0 0 0 0 0 0 0 0 0 0 0 0 0 1 0 66 ],  9
2007, 68, [1 0 0 0 0 0 0 0 0 0 0 0 0 1 0 66 ],  9
2008, 67, [0 0 0 0 0 0 0 0 0 0 0 0 0 0 1 66 ],  9
2009, 68, [1 0 0 0 0 0 0 0 0 0 0 0 0 0 1 66 ],  9
2010, 67, [0 0 0 0 0 0 0 0 0 0 0 0 0 0 0 67 ],  9
2011, 68, [1 0 0 0 0 0 0 0 0 0 0 0 0 0 0 67 ],  9
2012, 68, [0 1 0 0 0 0 0 0 0 0 0 0 0 0 0 67 ],  9
2013, 69, [1 1 0 0 0 0 0 0 0 0 0 0 0 0 0 67 ],  9
2014, 68, [0 0 1 0 0 0 0 0 0 0 0 0 0 0 0 67 ],  9
2015, 69, [1 0 1 0 0 0 0 0 0 0 0 0 0 0 0 67 ],  9
2016, 68, [0 0 0 1 0 0 0 0 0 0 0 0 0 0 0 67 ],  9
2017, 69, [1 0 0 1 0 0 0 0 0 0 0 0 0 0 0 67 ],  9
2018, 68, [0 0 0 0 1 0 0 0 0 0 0 0 0 0 0 67 ],  9
2019, 69, [1 0 0 0 1 0 0 0 0 0 0 0 0 0 0 67 ],  9
2020, 68, [0 0 0 0 0 1 0 0 0 0 0 0 0 0 0 67 ],  9
2021, 69, [1 0 0 0 0 1 0 0 0 0 0 0 0 0 0 67 ],  9
2022, 68, [0 0 0 0 0 0 1 0 0 0 0 0 0 0 0 67 ],  9
2023, 69, [1 0 0 0 0 0 1 0 0 0 0 0 0 0 0 67 ],  9
2024, 68, [0 0 0 0 0 0 0 1 0 0 0 0 0 0 0 67 ],  9
2025, 69, [1 0 0 0 0 0 0 1 0 0 0 0 0 0 0 67 ],  9
2026, 68, [0 0 0 0 0 0 0 0 1 0 0 0 0 0 0 67 ],  9
2027, 69, [1 0 0 0 0 0 0 0 1 0 0 0 0 0 0 67 ],  9
2028, 68, [0 0 0 0 0 0 0 0 0 1 0 0 0 0 0 67 ],  9
2029, 69, [1 0 0 0 0 0 0 0 0 1 0 0 0 0 0 67 ],  9
2030, 68, [0 0 0 0 0 0 0 0 0 0 1 0 0 0 0 67 ],  9
2031, 69, [1 0 0 0 0 0 0 0 0 0 1 0 0 0 0 67 ],  9
2032, 68, [0 0 0 0 0 0 0 0 0 0 0 1 0 0 0 67 ],  9
2033, 69, [1 0 0 0 0 0 0 0 0 0 0 1 0 0 0 67 ],  9
2034, 68, [0 0 0 0 0 0 0 0 0 0 0 0 1 0 0 67 ],  9
2035, 69, [1 0 0 0 0 0 0 0 0 0 0 0 1 0 0 67 ],  9
2036, 68, [0 0 0 0 0 0 0 0 0 0 0 0 0 1 0 67 ],  10
2037, 69, [1 0 0 0 0 0 0 0 0 0 0 0 0 1 0 67 ],  10
2038, 68, [0 0 0 0 0 0 0 0 0 0 0 0 0 0 1 67 ],  10
2039, 69, [1 0 0 0 0 0 0 0 0 0 0 0 0 0 1 67 ],  10
2040, 68, [0 0 0 0 0 0 0 0 0 0 0 0 0 0 0 68 ],  10
2041, 69, [1 0 0 0 0 0 0 0 0 0 0 0 0 0 0 68 ],  10
2042, 69, [0 1 0 0 0 0 0 0 0 0 0 0 0 0 0 68 ],  10
2043, 70, [1 1 0 0 0 0 0 0 0 0 0 0 0 0 0 68 ],  10
2044, 69, [0 0 1 0 0 0 0 0 0 0 0 0 0 0 0 68 ],  10
2045, 70, [1 0 1 0 0 0 0 0 0 0 0 0 0 0 0 68 ],  10
2046, 69, [0 0 0 1 0 0 0 0 0 0 0 0 0 0 0 68 ],  10
2047, 70, [1 0 0 1 0 0 0 0 0 0 0 0 0 0 0 68 ],  10
2048, 69, [0 0 0 0 1 0 0 0 0 0 0 0 0 0 0 68 ],  10
2049, 70, [1 0 0 0 1 0 0 0 0 0 0 0 0 0 0 68 ],  10
2050, 69, [0 0 0 0 0 1 0 0 0 0 0 0 0 0 0 68 ],  10
2051, 70, [1 0 0 0 0 1 0 0 0 0 0 0 0 0 0 68 ],  10
2052, 69, [0 0 0 0 0 0 1 0 0 0 0 0 0 0 0 68 ],  10
2053, 70, [1 0 0 0 0 0 1 0 0 0 0 0 0 0 0 68 ],  10
2054, 69, [0 0 0 0 0 0 0 1 0 0 0 0 0 0 0 68 ],  10
2055, 70, [1 0 0 0 0 0 0 1 0 0 0 0 0 0 0 68 ],  10
2056, 69, [0 0 0 0 0 0 0 0 1 0 0 0 0 0 0 68 ],  10
2057, 70, [1 0 0 0 0 0 0 0 1 0 0 0 0 0 0 68 ],  10
2058, 69, [0 0 0 0 0 0 0 0 0 1 0 0 0 0 0 68 ],  10
2059, 70, [1 0 0 0 0 0 0 0 0 1 0 0 0 0 0 68 ],  10
2060, 69, [0 0 0 0 0 0 0 0 0 0 1 0 0 0 0 68 ],  10
2061, 70, [1 0 0 0 0 0 0 0 0 0 1 0 0 0 0 68 ],  10
2062, 69, [0 0 0 0 0 0 0 0 0 0 0 1 0 0 0 68 ],  10
2063, 70, [1 0 0 0 0 0 0 0 0 0 0 1 0 0 0 68 ],  10
2064, 69, [0 0 0 0 0 0 0 0 0 0 0 0 1 0 0 68 ],  10
2065, 70, [1 0 0 0 0 0 0 0 0 0 0 0 1 0 0 68 ],  10
2066, 69, [0 0 0 0 0 0 0 0 0 0 0 0 0 1 0 68 ],  10
2067, 70, [1 0 0 0 0 0 0 0 0 0 0 0 0 1 0 68 ],  11
2068, 69, [0 0 0 0 0 0 0 0 0 0 0 0 0 0 1 68 ],  11
2069, 70, [1 0 0 0 0 0 0 0 0 0 0 0 0 0 1 68 ],  11
2070, 69, [0 0 0 0 0 0 0 0 0 0 0 0 0 0 0 69 ],  11
2071, 70, [1 0 0 0 0 0 0 0 0 0 0 0 0 0 0 69 ],  11
2072, 70, [0 1 0 0 0 0 0 0 0 0 0 0 0 0 0 69 ],  11
2073, 71, [1 1 0 0 0 0 0 0 0 0 0 0 0 0 0 69 ],  11
2074, 70, [0 0 1 0 0 0 0 0 0 0 0 0 0 0 0 69 ],  11
2075, 71, [1 0 1 0 0 0 0 0 0 0 0 0 0 0 0 69 ],  11
2076, 70, [0 0 0 1 0 0 0 0 0 0 0 0 0 0 0 69 ],  11
2077, 71, [1 0 0 1 0 0 0 0 0 0 0 0 0 0 0 69 ],  11
2078, 70, [0 0 0 0 1 0 0 0 0 0 0 0 0 0 0 69 ],  11
2079, 71, [1 0 0 0 1 0 0 0 0 0 0 0 0 0 0 69 ],  11
2080, 70, [0 0 0 0 0 1 0 0 0 0 0 0 0 0 0 69 ],  11
2081, 71, [1 0 0 0 0 1 0 0 0 0 0 0 0 0 0 69 ],  11
2082, 70, [0 0 0 0 0 0 1 0 0 0 0 0 0 0 0 69 ],  11
2083, 71, [1 0 0 0 0 0 1 0 0 0 0 0 0 0 0 69 ],  11
2084, 70, [0 0 0 0 0 0 0 1 0 0 0 0 0 0 0 69 ],  11
2085, 71, [1 0 0 0 0 0 0 1 0 0 0 0 0 0 0 69 ],  11
2086, 70, [0 0 0 0 0 0 0 0 1 0 0 0 0 0 0 69 ],  11
2087, 71, [1 0 0 0 0 0 0 0 1 0 0 0 0 0 0 69 ],  11
2088, 70, [0 0 0 0 0 0 0 0 0 1 0 0 0 0 0 69 ],  11
2089, 71, [1 0 0 0 0 0 0 0 0 1 0 0 0 0 0 69 ],  11
2090, 70, [0 0 0 0 0 0 0 0 0 0 1 0 0 0 0 69 ],  11
2091, 71, [1 0 0 0 0 0 0 0 0 0 1 0 0 0 0 69 ],  11
2092, 70, [0 0 0 0 0 0 0 0 0 0 0 1 0 0 0 69 ],  11
2093, 71, [1 0 0 0 0 0 0 0 0 0 0 1 0 0 0 69 ],  11
2094, 70, [0 0 0 0 0 0 0 0 0 0 0 0 1 0 0 69 ],  11
2095, 71, [1 0 0 0 0 0 0 0 0 0 0 0 1 0 0 69 ],  11
2096, 70, [0 0 0 0 0 0 0 0 0 0 0 0 0 1 0 69 ],  11
2097, 71, [1 0 0 0 0 0 0 0 0 0 0 0 0 1 0 69 ],  11
2098, 70, [0 0 0 0 0 0 0 0 0 0 0 0 0 0 1 69 ],  12
2099, 71, [1 0 0 0 0 0 0 0 0 0 0 0 0 0 1 69 ],  12
2100, 70, [0 0 0 0 0 0 0 0 0 0 0 0 0 0 0 70 ],  12
2101, 71, [1 0 0 0 0 0 0 0 0 0 0 0 0 0 0 70 ],  12
2102, 71, [0 1 0 0 0 0 0 0 0 0 0 0 0 0 0 70 ],  12
2103, 72, [1 1 0 0 0 0 0 0 0 0 0 0 0 0 0 70 ],  12
2104, 71, [0 0 1 0 0 0 0 0 0 0 0 0 0 0 0 70 ],  12
2105, 72, [1 0 1 0 0 0 0 0 0 0 0 0 0 0 0 70 ],  12
2106, 71, [0 0 0 1 0 0 0 0 0 0 0 0 0 0 0 70 ],  12
2107, 72, [1 0 0 1 0 0 0 0 0 0 0 0 0 0 0 70 ],  12
2108, 71, [0 0 0 0 1 0 0 0 0 0 0 0 0 0 0 70 ],  12
2109, 72, [1 0 0 0 1 0 0 0 0 0 0 0 0 0 0 70 ],  12
2110, 71, [0 0 0 0 0 1 0 0 0 0 0 0 0 0 0 70 ],  12
2111, 72, [1 0 0 0 0 1 0 0 0 0 0 0 0 0 0 70 ],  12
2112, 71, [0 0 0 0 0 0 1 0 0 0 0 0 0 0 0 70 ],  12
2113, 72, [1 0 0 0 0 0 1 0 0 0 0 0 0 0 0 70 ],  12
2114, 71, [0 0 0 0 0 0 0 1 0 0 0 0 0 0 0 70 ],  12
2115, 72, [1 0 0 0 0 0 0 1 0 0 0 0 0 0 0 70 ],  12
2116, 71, [0 0 0 0 0 0 0 0 1 0 0 0 0 0 0 70 ],  12
2117, 72, [1 0 0 0 0 0 0 0 1 0 0 0 0 0 0 70 ],  12
2118, 71, [0 0 0 0 0 0 0 0 0 1 0 0 0 0 0 70 ],  12
2119, 72, [1 0 0 0 0 0 0 0 0 1 0 0 0 0 0 70 ],  12
2120, 71, [0 0 0 0 0 0 0 0 0 0 1 0 0 0 0 70 ],  12
2121, 72, [1 0 0 0 0 0 0 0 0 0 1 0 0 0 0 70 ],  12
2122, 71, [0 0 0 0 0 0 0 0 0 0 0 1 0 0 0 70 ],  12
2123, 72, [1 0 0 0 0 0 0 0 0 0 0 1 0 0 0 70 ],  12
2124, 71, [0 0 0 0 0 0 0 0 0 0 0 0 1 0 0 70 ],  12
2125, 72, [1 0 0 0 0 0 0 0 0 0 0 0 1 0 0 70 ],  12
2126, 71, [0 0 0 0 0 0 0 0 0 0 0 0 0 1 0 70 ],  12
2127, 72, [1 0 0 0 0 0 0 0 0 0 0 0 0 1 0 70 ],  12
2128, 71, [0 0 0 0 0 0 0 0 0 0 0 0 0 0 1 70 ],  13
2129, 72, [1 0 0 0 0 0 0 0 0 0 0 0 0 0 1 70 ],  13
2130, 71, [0 0 0 0 0 0 0 0 0 0 0 0 0 0 0 71 ],  13
2131, 72, [1 0 0 0 0 0 0 0 0 0 0 0 0 0 0 71 ],  13
2132, 72, [0 1 0 0 0 0 0 0 0 0 0 0 0 0 0 71 ],  13
2133, 73, [1 1 0 0 0 0 0 0 0 0 0 0 0 0 0 71 ],  13
2134, 72, [0 0 1 0 0 0 0 0 0 0 0 0 0 0 0 71 ],  13
2135, 73, [1 0 1 0 0 0 0 0 0 0 0 0 0 0 0 71 ],  13
2136, 72, [0 0 0 1 0 0 0 0 0 0 0 0 0 0 0 71 ],  13
2137, 73, [1 0 0 1 0 0 0 0 0 0 0 0 0 0 0 71 ],  13
2138, 72, [0 0 0 0 1 0 0 0 0 0 0 0 0 0 0 71 ],  13
2139, 73, [1 0 0 0 1 0 0 0 0 0 0 0 0 0 0 71 ],  13
2140, 72, [0 0 0 0 0 1 0 0 0 0 0 0 0 0 0 71 ],  13
2141, 73, [1 0 0 0 0 1 0 0 0 0 0 0 0 0 0 71 ],  13
2142, 72, [0 0 0 0 0 0 1 0 0 0 0 0 0 0 0 71 ],  13
2143, 73, [1 0 0 0 0 0 1 0 0 0 0 0 0 0 0 71 ],  13
2144, 72, [0 0 0 0 0 0 0 1 0 0 0 0 0 0 0 71 ],  13
2145, 73, [1 0 0 0 0 0 0 1 0 0 0 0 0 0 0 71 ],  13
2146, 72, [0 0 0 0 0 0 0 0 1 0 0 0 0 0 0 71 ],  13
2147, 73, [1 0 0 0 0 0 0 0 1 0 0 0 0 0 0 71 ],  13
2148, 72, [0 0 0 0 0 0 0 0 0 1 0 0 0 0 0 71 ],  13
2149, 73, [1 0 0 0 0 0 0 0 0 1 0 0 0 0 0 71 ],  13
2150, 72, [0 0 0 0 0 0 0 0 0 0 1 0 0 0 0 71 ],  13
2151, 73, [1 0 0 0 0 0 0 0 0 0 1 0 0 0 0 71 ],  13
2152, 72, [0 0 0 0 0 0 0 0 0 0 0 1 0 0 0 71 ],  13
2153, 73, [1 0 0 0 0 0 0 0 0 0 0 1 0 0 0 71 ],  13
2154, 72, [0 0 0 0 0 0 0 0 0 0 0 0 1 0 0 71 ],  13
2155, 73, [1 0 0 0 0 0 0 0 0 0 0 0 1 0 0 71 ],  13
2156, 72, [0 0 0 0 0 0 0 0 0 0 0 0 0 1 0 71 ],  13
2157, 73, [1 0 0 0 0 0 0 0 0 0 0 0 0 1 0 71 ],  13
2158, 72, [0 0 0 0 0 0 0 0 0 0 0 0 0 0 1 71 ],  14
2159, 73, [1 0 0 0 0 0 0 0 0 0 0 0 0 0 1 71 ],  14
2160, 72, [0 0 0 0 0 0 0 0 0 0 0 0 0 0 0 72 ],  14
2161, 73, [1 0 0 0 0 0 0 0 0 0 0 0 0 0 0 72 ],  14
2162, 73, [0 1 0 0 0 0 0 0 0 0 0 0 0 0 0 72 ],  14
2163, 74, [1 1 0 0 0 0 0 0 0 0 0 0 0 0 0 72 ],  14
2164, 73, [0 0 1 0 0 0 0 0 0 0 0 0 0 0 0 72 ],  14
2165, 74, [1 0 1 0 0 0 0 0 0 0 0 0 0 0 0 72 ],  14
2166, 73, [0 0 0 1 0 0 0 0 0 0 0 0 0 0 0 72 ],  14
2167, 74, [1 0 0 1 0 0 0 0 0 0 0 0 0 0 0 72 ],  14
2168, 73, [0 0 0 0 1 0 0 0 0 0 0 0 0 0 0 72 ],  14
2169, 74, [1 0 0 0 1 0 0 0 0 0 0 0 0 0 0 72 ],  14
2170, 73, [0 0 0 0 0 1 0 0 0 0 0 0 0 0 0 72 ],  14
2171, 74, [1 0 0 0 0 1 0 0 0 0 0 0 0 0 0 72 ],  14
2172, 73, [0 0 0 0 0 0 1 0 0 0 0 0 0 0 0 72 ],  14
2173, 74, [1 0 0 0 0 0 1 0 0 0 0 0 0 0 0 72 ],  14
2174, 73, [0 0 0 0 0 0 0 1 0 0 0 0 0 0 0 72 ],  14
2175, 74, [1 0 0 0 0 0 0 1 0 0 0 0 0 0 0 72 ],  14
2176, 73, [0 0 0 0 0 0 0 0 1 0 0 0 0 0 0 72 ],  14
2177, 74, [1 0 0 0 0 0 0 0 1 0 0 0 0 0 0 72 ],  14
2178, 73, [0 0 0 0 0 0 0 0 0 1 0 0 0 0 0 72 ],  14
2179, 74, [1 0 0 0 0 0 0 0 0 1 0 0 0 0 0 72 ],  14
2180, 73, [0 0 0 0 0 0 0 0 0 0 1 0 0 0 0 72 ],  14
2181, 74, [1 0 0 0 0 0 0 0 0 0 1 0 0 0 0 72 ],  14
2182, 73, [0 0 0 0 0 0 0 0 0 0 0 1 0 0 0 72 ],  14
2183, 74, [1 0 0 0 0 0 0 0 0 0 0 1 0 0 0 72 ],  14
2184, 73, [0 0 0 0 0 0 0 0 0 0 0 0 1 0 0 72 ],  14
2185, 74, [1 0 0 0 0 0 0 0 0 0 0 0 1 0 0 72 ],  14
2186, 73, [0 0 0 0 0 0 0 0 0 0 0 0 0 1 0 72 ],  14
2187, 74, [1 0 0 0 0 0 0 0 0 0 0 0 0 1 0 72 ],  14
2188, 73, [0 0 0 0 0 0 0 0 0 0 0 0 0 0 1 72 ],  15
2189, 74, [1 0 0 0 0 0 0 0 0 0 0 0 0 0 1 72 ],  15
2190, 73, [0 0 0 0 0 0 0 0 0 0 0 0 0 0 0 73 ],  15
2191, 74, [1 0 0 0 0 0 0 0 0 0 0 0 0 0 0 73 ],  15
2192, 74, [0 1 0 0 0 0 0 0 0 0 0 0 0 0 0 73 ],  15
2193, 75, [1 1 0 0 0 0 0 0 0 0 0 0 0 0 0 73 ],  15
2194, 74, [0 0 1 0 0 0 0 0 0 0 0 0 0 0 0 73 ],  15
2195, 75, [1 0 1 0 0 0 0 0 0 0 0 0 0 0 0 73 ],  15
2196, 74, [0 0 0 1 0 0 0 0 0 0 0 0 0 0 0 73 ],  15
2197, 75, [1 0 0 1 0 0 0 0 0 0 0 0 0 0 0 73 ],  15
2198, 74, [0 0 0 0 1 0 0 0 0 0 0 0 0 0 0 73 ],  15
2199, 75, [1 0 0 0 1 0 0 0 0 0 0 0 0 0 0 73 ],  15
2200, 74, [0 0 0 0 0 1 0 0 0 0 0 0 0 0 0 73 ],  15
